0
880.3466175
1755.31945
2619.577515
3467.845233
4294.944637
5095.826969
5865.603509
6599.575409
7293.262382
7942.430043
8543.115763
9091.652855
9584.692956
10019.22646
10392.60091
10702.53716
10947.14331
11124.92624
11234.80073
11276.09609
11248.56024
11152.36127
10988.0864
10756.73839
10459.72942
10098.87248
9676.370315
9194.801943
8657.106939
8066.567485
7426.788334
6741.674808
6015.408954
5252.424023
4457.377404
3635.122198
2790.677589
1929.19821
1055.942678
176.2414927
