0.000
0.000
0.000
0.000
0.000
0.001
0.002
0.004
0.006
0.009
0.012
0.017
0.022
0.028
0.036
0.044
0.053
0.063
0.074
0.086
0.099
0.113
0.127
0.143
0.158
0.175
0.191
0.208
0.225
0.242
0.258
0.275
0.290
0.306
0.320
0.333
0.345
0.356
0.365
0.373
0.379
0.383
0.385
0.385
0.383
0.379
0.373
0.365
0.355
0.343
0.330
0.314
0.297
0.279
0.259
0.238
0.215
0.192
0.168
0.142
0.116
0.090
0.063
0.036
0.009
-0.019
-0.046
-0.072
-0.099
-0.124
-0.149
-0.173
-0.196
-0.218
-0.239
-0.258
-0.276
-0.293
-0.308
-0.321
-0.332
-0.342
-0.350
-0.356
-0.360
-0.362
-0.362
-0.360
-0.356
-0.351
-0.344
-0.334
-0.323
-0.311
-0.297
-0.281
-0.264
-0.245
-0.225
-0.204
-0.182
-0.160
-0.136
-0.112
-0.087
-0.062
-0.036
-0.011
0.015
0.040
0.066
0.090
0.114
0.138
0.161
0.182
0.203
0.223
0.241
0.258
0.274
0.288
0.300
0.311
0.320
0.328
0.333
0.337
0.340
0.340
0.338
0.335
0.330
0.323
0.315
0.305
0.293
0.280
0.265
0.249
0.232
0.213
0.194
0.173
0.152
0.130
0.107
0.084
0.060
0.036
0.012
-0.012
-0.036
-0.059
-0.083
-0.105
-0.127
-0.149
-0.169
-0.189
-0.207
-0.225
-0.241
-0.256
-0.269
-0.281
-0.291
-0.300
-0.307
-0.313
-0.317
-0.319
-0.319
-0.318
-0.315
-0.311
-0.304
-0.297
-0.287
-0.276
-0.264
-0.250
-0.235
-0.219
-0.202
-0.184
-0.165
-0.145
-0.124
-0.102
-0.081
-0.059
-0.036
-0.014
0.009
0.031
0.054
0.076
0.097
0.118
0.138
0.157
0.176
